0 1245
1 1249
2 1239
3 1251
4 1251
5 1242
6 1244
7 1239
8 1242
9 1238
10 1242
11 1243
12 1242
13 1237
14 1245
15 1245
16 1243
17 1245
18 1237
19 1234
20 1244
21 1248
22 1238
23 1236
24 1240
25 1239
26 1245
27 1243
28 1239
29 1242
30 1241
31 1242
32 1240
33 1236
34 1241
35 1243
36 1238
37 1246
38 1246
39 1252
40 1237
41 1234
42 1237
43 1243
44 1246
45 1244
46 1241
47 1240
48 1242
49 1235
50 1236
51 1239
52 1240
53 1244
54 1239
55 1239
56 1240
57 1235
58 1238
59 1237
60 1238
61 1241
62 1241
63 1238
64 1233
65 1241
66 1242
67 1243
68 1232
69 1241
70 1231
71 1244
72 1239
73 1237
74 1232
75 1238
76 1241
77 1241
78 1234
79 1239
80 1240
81 1236
82 1237
83 1240
84 1244
85 1241
86 1235
87 1239
88 1238
89 1238
90 1238
91 1236
92 1235
93 1232
94 1237
95 1242
96 1246
97 1238
98 1234
99 1240
100 1241
101 1237
102 1242
103 1246
104 1238
105 1230
106 1240
107 1240
108 1237
109 1235
110 1238
111 1233
112 1243
113 1242
114 1233
115 1240
116 1240
117 1237
118 1239
119 1235
120 1238
121 1234
122 1233
123 1234
124 1242
125 1226
126 1237
127 1242
128 1235
129 1234
130 1234
131 1235
132 1239
133 1230
134 1227
135 1245
136 1233
137 1235
138 1241
139 1241
140 1232
141 1237
142 1240
143 1234
144 1244
145 1235
146 1235
147 1230
148 1239
149 1231
150 1232
151 1238
152 1243
153 1242
154 1227
155 1237
156 1236
157 1234
158 1238
159 1235
160 1234
161 1237
162 1233
163 1236
164 1237
165 1235
166 1235
167 1233
168 1244
169 1240
170 1233
171 1240
172 1236
173 1241
174 1239
175 1244
176 1240
177 1237
178 1240
179 1246
180 1238
181 1246
182 1241
183 1237
184 1239
185 1238
186 1246
187 1244
188 1242
189 1247
190 1235
191 1245
192 1238
193 1242
194 1242
195 1244
196 1242
197 1242
198 1249
199 1242
200 1242
201 1241
202 1246
203 1255
204 1252
205 1249
206 1255
207 1244
208 1249
209 1247
210 1247
211 1246
212 1251
213 1247
214 1244
215 1243
216 1252
217 1252
218 1242
219 1251
220 1252
221 1255
222 1256
223 1261
224 1252
225 1264
226 1260
227 1255
228 1254
229 1248
230 1260
231 1242
232 1259
233 1259
234 1252
235 1249
236 1256
237 1255
238 1257
239 1259
240 1268
241 1259
242 1264
243 1262
244 1268
245 1266
246 1262
247 1263
248 1270
249 1265
250 1259
251 1264
252 1262
253 1269
254 1273
255 1273
256 1265
257 1268
258 1268
259 1280
260 1274
261 1277
262 1277
263 1273
264 1281
265 1284
266 1280
267 1275
268 1275
269 1281
270 1287
271 1290
272 1288
273 1300
274 1292
275 1304
276 1302
277 1306
278 1307
279 1304
280 1307
281 1316
282 1313
283 1319
284 1320
285 1324
286 1325
287 1330
288 1347
289 1335
290 1337
291 1363
292 1356
293 1363
294 1366
295 1375
296 1385
297 1385
298 1389
299 1409
300 1420
301 1416
302 1422
303 1446
304 1452
305 1472
306 1482
307 1513
308 1518
309 1545
310 1563
311 1574
312 1615
313 1644
314 1670
315 1705
316 1738
317 1782
318 1817
319 1867
320 1920
321 1961
322 2019
323 2090
324 2169
325 2227
326 2338
327 2422
328 2514
329 2671
330 2806
331 2973
332 3129
333 3339
334 3561
335 3809
336 4101
337 4416
338 4786
339 5195
340 5668
341 6190
342 6802
343 7431
344 8168
345 8965
346 9837
347 10843
348 11896
349 13017
350 14206
351 15422
352 16764
353 18071
354 19412
355 20652
356 21900
357 22943
358 23832
359 24647
360 25263
361 25970
362 26442
363 26944
364 27444
365 27901
366 28459
367 29067
368 29664
369 30286
370 30883
371 31466
372 31951
373 32363
374 32550
375 32766
376 32695
377 32413
378 31885
379 31155
380 30196
381 29115
382 27854
383 26483
384 25173
385 23739
386 22325
387 21008
388 19727
389 18503
390 17373
391 16482
392 15432
393 14625
394 13728
395 12985
396 12293
397 11622
398 10981
399 10379
400 9805
401 9234
402 8703
403 8181
404 7748
405 7301
406 6870
407 6462
408 6142
409 5791
410 5469
411 5184
412 4925
413 4673
414 4443
415 4233
416 4030
417 3862
418 3690
419 3540
420 3384
421 3255
422 3127
423 2980
424 2874
425 2758
426 2640
427 2537
428 2438
429 2353
430 2262
431 2185
432 2121
433 2052
434 1986
435 1938
436 1885
437 1845
438 1801
439 1757
440 1722
441 1702
442 1679
443 1642
444 1608
445 1587
446 1572
447 1545
448 1518
449 1518
450 1478
451 1457
452 1456
453 1427
454 1424
455 1407
456 1395
457 1398
458 1373
459 1359
460 1353
461 1362
462 1327
463 1338
464 1320
465 1321
466 1312
467 1303
468 1304
469 1297
470 1299
471 1290
472 1290
473 1286
474 1281
475 1278
476 1279
477 1273
478 1268
479 1255
480 1259
481 1251
482 1253
483 1270
484 1253
485 1257
486 1249
487 1253
488 1246
489 1244
490 1240
491 1243
492 1244
493 1238
494 1240
495 1239
496 1236
497 1232
498 1238
499 1231
500 1231
501 1238
502 1235
503 1232
504 1230
505 1225
506 1227
507 1219
508 1234
509 1225
510 1227
511 1224
512 1221
513 1226
514 1225
515 1223
516 1225
517 1217
518 1222
519 1216
520 1233
521 1222
522 1216
523 1214
524 1216
525 1215
526 1220
527 1218
528 1220
529 1211
530 1220
531 1214
532 1219
533 1213
534 1208
535 1214
536 1206
537 1212
538 1221
539 1211
540 1215
541 1220
542 1199
543 1212
544 1214
545 1202
546 1210
547 1207
548 1209
549 1208
550 1223
551 1200
552 1212
553 1207
554 1212
555 1210
556 1208
557 1210
558 1216
559 1209
560 1215
561 1209
562 1202
563 1204
564 1209
565 1206
566 1201
567 1216
568 1213
569 1208
570 1213
571 1207
572 1206
573 1211
574 1200
575 1204
576 1206
577 1211
578 1204
579 1206
580 1208
581 1209
582 1206
583 1209
584 1207
585 1206
586 1209
587 1216
588 1200
589 1205
590 1207
591 1206
592 1203
593 1204
594 1202
595 1208
596 1207
597 1211
598 1204
599 1197
600 1209
601 1203
602 1207
603 1203
604 1209
605 1214
606 1213
607 1205
608 1208
609 1206
610 1208
611 1214
612 1207
613 1209
614 1196
615 1211
616 1205
617 1205
618 1210
619 1215
620 1198
621 1208
622 1210
623 1208
624 1204
625 1208
626 1211
627 1203
628 1200
629 1205
630 1218
631 1206
632 1204
633 1202
634 1198
635 1206
636 1214
637 1209
638 1213
639 1202
640 1201
641 1202
642 1209
643 1204
644 1205
645 1203
646 1214
647 1201
648 1200
649 1205
650 1204
651 1208
652 1206
653 1209
654 1201
655 1202
656 1202
657 1206
658 1209
659 1199
660 1203
661 1206
662 1202
663 1203
664 1199
665 1207
666 1200
667 1209
668 1203
669 1203
670 1210
671 1213
672 1199
673 1204
674 1206
675 1199
676 1202
677 1195
678 1201
679 1202
680 1203
681 1203
682 1205
683 1201
684 1201
685 1200
686 1198
687 1197
688 1197
689 1196
690 1198
691 1200
692 1196
693 1194
694 1204
695 1203
696 1193
697 1199
698 1196
699 1201
700 1195
701 1199
702 1196
703 1203
704 1201
705 1201
706 1198
707 1190
708 1207
709 1192
710 1205
711 1203
712 1198
713 1196
714 1192
715 1195
716 1198
717 1196
718 1198
719 1199
720 1192
721 1200
722 1196
723 1197
724 1196
725 1193
726 1194
727 1193
728 1199
729 1194
730 1203
731 1195
732 1193
733 1200
734 1195
735 1193
736 1193
737 1203
738 1198
739 1194
740 1195
741 1198
742 1195
743 1190
744 1200
745 1195
746 1198
747 1200
748 1186
749 1193
750 1194
751 1197
752 1193
753 1190
754 1191
755 1194
756 1193
757 1189
758 1187
759 1192
760 1196
761 1194
762 1195
763 1185
764 1196
