0 1683
1 1681
2 1683
3 1682
4 1674
5 1687
6 1686
7 1675
8 1681
9 1688
10 1689
11 1683
12 1689
13 1702
14 1691
15 1687
16 1692
17 1699
18 1695
19 1700
20 1714
21 1709
22 1705
23 1711
24 1720
25 1723
26 1726
27 1724
28 1725
29 1726
30 1742
31 1747
32 1728
33 1741
34 1747
35 1755
36 1752
37 1756
38 1768
39 1760
40 1764
41 1776
42 1769
43 1776
44 1785
45 1799
46 1786
47 1785
48 1791
49 1804
50 1800
51 1821
52 1817
53 1806
54 1823
55 1817
56 1842
57 1838
58 1839
59 1844
60 1851
61 1845
62 1850
63 1865
64 1872
65 1886
66 1878
67 1885
68 1880
69 1899
70 1899
71 1909
72 1924
73 1926
74 1921
75 1944
76 1942
77 1960
78 1961
79 1964
80 1970
81 1984
82 1975
83 1992
84 2004
85 2010
86 2007
87 2021
88 2029
89 2038
90 2043
91 2053
92 2066
93 2058
94 2055
95 2086
96 2086
97 2086
98 2091
99 2107
100 2101
101 2130
102 2106
103 2117
104 2145
105 2135
106 2144
107 2155
108 2173
109 2176
110 2197
111 2201
112 2231
113 2227
114 2222
115 2245
116 2260
117 2274
118 2280
119 2312
120 2308
121 2336
122 2346
123 2372
124 2382
125 2386
126 2426
127 2430
128 2434
129 2467
130 2464
131 2497
132 2515
133 2532
134 2535
135 2555
136 2598
137 2588
138 2597
139 2616
140 2644
141 2657
142 2668
143 2686
144 2689
145 2700
146 2741
147 2735
148 2767
149 2754
150 2791
151 2800
152 2825
153 2834
154 2853
155 2860
156 2890
157 2917
158 2931
159 2957
160 2983
161 2994
162 3001
163 3037
164 3034
165 3094
166 3105
167 3137
168 3174
169 3199
170 3224
171 3243
172 3259
173 3297
174 3321
175 3325
176 3370
177 3382
178 3393
179 3428
180 3456
181 3472
182 3493
183 3502
184 3551
185 3577
186 3621
187 3632
188 3656
189 3684
190 3715
191 3752
192 3783
193 3811
194 3845
195 3882
196 3923
197 3958
198 3997
199 4068
200 4103
201 4121
202 4197
203 4241
204 4303
205 4355
206 4377
207 4461
208 4503
209 4549
210 4620
211 4677
212 4707
213 4743
214 4807
215 4864
216 4875
217 4954
218 4957
219 4994
220 5031
221 5066
222 5098
223 5132
224 5182
225 5193
226 5251
227 5274
228 5330
229 5374
230 5421
231 5490
232 5487
233 5609
234 5637
235 5715
236 5774
237 5845
238 5907
239 5971
240 6045
241 6137
242 6207
243 6290
244 6350
245 6434
246 6534
247 6562
248 6650
249 6704
250 6754
251 6827
252 6906
253 6904
254 7006
255 7029
256 7086
257 7144
258 7164
259 7237
260 7275
261 7312
262 7354
263 7444
264 7507
265 7553
266 7614
267 7683
268 7758
269 7878
270 7969
271 8067
272 8150
273 8266
274 8345
275 8424
276 8534
277 8675
278 8780
279 8856
280 8987
281 9072
282 9160
283 9215
284 9328
285 9405
286 9429
287 9556
288 9589
289 9646
290 9689
291 9743
292 9795
293 9839
294 9928
295 10007
296 10069
297 10138
298 10209
299 10319
300 10396
301 10512
302 10584
303 10712
304 10860
305 10991
306 11153
307 11232
308 11388
309 11549
310 11707
311 11793
312 11990
313 12090
314 12163
315 12321
316 12432
317 12569
318 12619
319 12643
320 12793
321 12898
322 12981
323 12998
324 13073
325 13119
326 13198
327 13266
328 13391
329 13489
330 13547
331 13660
332 13801
333 13868
334 13993
335 14187
336 14297
337 14470
338 14568
339 14723
340 14856
341 14990
342 15090
343 15205
344 15356
345 15456
346 15576
347 15598
348 15693
349 15773
350 15868
351 15863
352 15935
353 15999
354 16072
355 16116
356 16155
357 16213
358 16290
359 16367
360 16417
361 16519
362 16665
363 16748
364 16818
365 16969
366 17137
367 17197
368 17360
369 17492
370 17555
371 17634
372 17687
373 17857
374 17785
375 17826
376 17811
377 17863
378 17774
379 17815
380 17814
381 17822
382 17813
383 17815
384 17878
385 17894
386 17944
387 17993
388 18042
389 18154
390 18229
391 18293
392 18366
393 18489
394 18473
395 18546
396 18565
397 18604
398 18550
399 18450
400 18470
401 18414
402 18312
403 18167
404 18148
405 18015
406 17934
407 17894
408 17870
409 17843
410 17870
411 17899
412 17940
413 18022
414 18059
415 18181
416 18245
417 18347
418 18466
419 18580
420 18597
421 18676
422 18773
423 18799
424 18771
425 18731
426 18674
427 18603
428 18470
429 18360
430 18264
431 18090
432 17979
433 17922
434 17737
435 17727
436 17643
437 17569
438 17519
439 17528
440 17576
441 17586
442 17676
443 17740
444 17750
445 17745
446 17774
447 17762
448 17731
449 17647
450 17523
451 17411
452 17271
453 17194
454 16995
455 16862
456 16758
457 16660
458 16547
459 16428
460 16423
461 16322
462 16342
463 16327
464 16308
465 16361
466 16429
467 16401
468 16439
469 16363
470 16313
471 16266
472 16154
473 15983
474 15825
475 15613
476 15407
477 15280
478 15084
479 14906
480 14752
481 14586
482 14477
483 14429
484 14303
485 14237
486 14246
487 14227
488 14221
489 14143
490 14180
491 14117
492 14031
493 13996
494 13855
495 13660
496 13489
497 13276
498 13113
499 12914
500 12655
501 12489
502 12338
503 12230
504 12016
505 11881
506 11754
507 11637
508 11569
509 11488
510 11449
511 11326
512 11286
513 11172
514 11097
515 10987
516 10774
517 10628
518 10417
519 10193
520 10001
521 9801
522 9610
523 9388
524 9242
525 9070
526 8890
527 8785
528 8716
529 8572
530 8493
531 8387
532 8317
533 8254
534 8214
535 8062
536 7994
537 7843
538 7712
539 7580
540 7429
541 7304
542 7130
543 6990
544 6873
545 6797
546 6697
547 6622
548 6558
549 6518
550 6484
551 6482
552 6488
553 6501
554 6479
555 6471
556 6420
557 6383
558 6360
559 6328
560 6285
561 6260
562 6264
563 6282
564 6222
565 6263
566 6323
567 6417
568 6493
569 6592
570 6699
571 6786
572 6891
573 6946
574 7025
575 7105
576 7128
577 7182
578 7234
579 7329
580 7429
581 7558
582 7713
583 7934
584 8192
585 8466
586 8751
587 9129
588 9449
589 9822
590 10171
591 10509
592 10766
593 11105
594 11418
595 11740
596 12045
597 12437
598 12817
599 13193
600 13627
601 14080
602 14603
603 15083
604 15599
605 16145
606 16548
607 16979
608 17352
609 17745
610 18053
611 18467
612 18904
613 19391
614 20155
615 20845
616 21852
617 22910
618 24045
619 25347
620 26705
621 28111
622 29388
623 30480
624 31422
625 32057
626 32440
627 32760
628 32766
629 32588
630 32297
631 31930
632 31483
633 30965
634 30269
635 29525
636 28640
637 27596
638 26512
639 25109
640 23627
641 22151
642 20518
643 19020
644 17551
645 16236
646 15033
647 13942
648 12892
649 12052
650 11229
651 10468
652 9769
653 9060
654 8453
655 7880
656 7305
657 6763
658 6268
659 5902
660 5521
661 5178
662 4881
663 4610
664 4366
665 4196
666 3995
667 3802
668 3616
669 3485
670 3315
671 3158
672 3008
673 2917
674 2798
675 2693
676 2611
677 2553
678 2469
679 2414
680 2365
681 2324
682 2262
683 2210
684 2179
685 2144
686 2102
687 2085
688 2042
689 2022
690 2011
691 1987
692 1975
693 1957
694 1935
695 1921
696 1915
697 1898
698 1887
699 1882
700 1875
701 1869
702 1861
703 1852
704 1846
705 1833
706 1836
707 1842
708 1826
709 1822
710 1815
711 1817
712 1804
713 1811
714 1804
715 1811
716 1803
717 1795
718 1813
719 1801
720 1805
721 1801
722 1789
723 1797
724 1787
725 1788
726 1781
727 1774
728 1779
729 1778
730 1782
731 1783
732 1768
733 1778
734 1771
735 1766
736 1768
737 1770
738 1765
739 1772
740 1772
741 1771
742 1763
743 1769
744 1757
745 1767
746 1747
747 1755
748 1763
749 1751
750 1758
751 1751
752 1759
753 1756
754 1758
755 1748
756 1759
757 1757
758 1762
759 1754
760 1747
761 1751
762 1757
763 1753
764 1758
