0 1319
1 1312
2 1311
3 1308
4 1315
5 1305
6 1307
7 1313
8 1312
9 1305
10 1314
11 1311
12 1310
13 1308
14 1314
15 1314
16 1313
17 1311
18 1315
19 1310
20 1312
21 1312
22 1316
23 1313
24 1303
25 1315
26 1314
27 1310
28 1308
29 1317
30 1318
31 1311
32 1314
33 1321
34 1315
35 1314
36 1323
37 1310
38 1317
39 1323
40 1319
41 1320
42 1318
43 1311
44 1316
45 1321
46 1316
47 1314
48 1318
49 1318
50 1323
51 1327
52 1318
53 1320
54 1316
55 1314
56 1319
57 1327
58 1322
59 1317
60 1324
61 1328
62 1314
63 1325
64 1325
65 1326
66 1323
67 1324
68 1323
69 1326
70 1324
71 1323
72 1326
73 1326
74 1326
75 1330
76 1332
77 1329
78 1341
79 1330
80 1328
81 1337
82 1332
83 1332
84 1332
85 1328
86 1333
87 1329
88 1326
89 1339
90 1332
91 1337
92 1338
93 1333
94 1334
95 1330
96 1335
97 1335
98 1336
99 1336
100 1340
101 1345
102 1338
103 1333
104 1338
105 1332
106 1333
107 1340
108 1340
109 1343
110 1339
111 1333
112 1338
113 1330
114 1339
115 1342
116 1340
117 1345
118 1342
119 1340
120 1345
121 1339
122 1339
123 1350
124 1340
125 1336
126 1343
127 1340
128 1339
129 1343
130 1343
131 1341
132 1353
133 1341
134 1333
135 1346
136 1345
137 1345
138 1344
139 1350
140 1343
141 1347
142 1347
143 1342
144 1350
145 1342
146 1343
147 1349
148 1343
149 1355
150 1348
151 1346
152 1341
153 1350
154 1351
155 1351
156 1347
157 1351
158 1352
159 1354
160 1350
161 1363
162 1351
163 1340
164 1351
165 1348
166 1358
167 1350
168 1354
169 1348
170 1355
171 1357
172 1355
173 1354
174 1357
175 1354
176 1350
177 1359
178 1357
179 1355
180 1359
181 1360
182 1364
183 1362
184 1353
185 1358
186 1360
187 1359
188 1356
189 1364
190 1368
191 1358
192 1356
193 1357
194 1360
195 1360
196 1360
197 1359
198 1359
199 1356
200 1369
201 1370
202 1360
203 1368
204 1361
205 1369
206 1365
207 1368
208 1367
209 1361
210 1368
211 1367
212 1366
213 1371
214 1364
215 1363
216 1364
217 1371
218 1379
219 1367
220 1375
221 1368
222 1364
223 1372
224 1378
225 1371
226 1374
227 1369
228 1383
229 1373
230 1371
231 1378
232 1375
233 1378
234 1374
235 1380
236 1374
237 1385
238 1374
239 1381
240 1375
241 1388
242 1380
243 1385
244 1387
245 1383
246 1379
247 1377
248 1391
249 1384
250 1389
251 1392
252 1388
253 1390
254 1386
255 1383
256 1379
257 1401
258 1398
259 1386
260 1390
261 1389
262 1395
263 1394
264 1391
265 1394
266 1405
267 1395
268 1399
269 1398
270 1412
271 1403
272 1400
273 1404
274 1413
275 1408
276 1410
277 1416
278 1420
279 1416
280 1421
281 1416
282 1420
283 1425
284 1438
285 1431
286 1433
287 1435
288 1419
289 1432
290 1430
291 1442
292 1439
293 1450
294 1450
295 1447
296 1440
297 1460
298 1466
299 1466
300 1465
301 1461
302 1465
303 1472
304 1477
305 1492
306 1481
307 1503
308 1495
309 1496
310 1500
311 1510
312 1506
313 1530
314 1516
315 1534
316 1532
317 1532
318 1554
319 1551
320 1557
321 1575
322 1572
323 1591
324 1586
325 1584
326 1593
327 1617
328 1607
329 1635
330 1636
331 1638
332 1653
333 1669
334 1665
335 1677
336 1687
337 1715
338 1718
339 1734
340 1743
341 1758
342 1774
343 1777
344 1806
345 1826
346 1838
347 1863
348 1867
349 1892
350 1898
351 1910
352 1930
353 1952
354 1983
355 2001
356 2008
357 2037
358 2053
359 2084
360 2103
361 2122
362 2171
363 2199
364 2232
365 2257
366 2296
367 2325
368 2363
369 2399
370 2451
371 2469
372 2522
373 2560
374 2598
375 2630
376 2688
377 2727
378 2759
379 2796
380 2844
381 2907
382 2967
383 3007
384 3043
385 3110
386 3178
387 3251
388 3322
389 3394
390 3470
391 3527
392 3627
393 3733
394 3820
395 3883
396 3985
397 4057
398 4145
399 4236
400 4333
401 4384
402 4477
403 4568
404 4669
405 4767
406 4859
407 4975
408 5072
409 5220
410 5365
411 5503
412 5621
413 5829
414 5945
415 6183
416 6370
417 6571
418 6815
419 7011
420 7199
421 7449
422 7664
423 7904
424 8115
425 8357
426 8543
427 8773
428 8960
429 9196
430 9420
431 9603
432 9864
433 10097
434 10324
435 10607
436 10889
437 11195
438 11514
439 11863
440 12202
441 12578
442 13011
443 13414
444 13871
445 14261
446 14709
447 15142
448 15545
449 15881
450 16230
451 16596
452 16984
453 17269
454 17568
455 17910
456 18266
457 18635
458 19087
459 19488
460 19962
461 20453
462 21067
463 21590
464 22217
465 22800
466 23495
467 24132
468 24734
469 25360
470 25955
471 26460
472 26901
473 27314
474 27623
475 27860
476 28055
477 28469
478 28688
479 28910
480 29197
481 29469
482 29706
483 30072
484 30434
485 30734
486 31221
487 31620
488 31973
489 32241
490 32511
491 32766
492 32711
493 32659
494 32403
495 32055
496 31616
497 31052
498 30395
499 29736
500 29042
501 28280
502 27578
503 26829
504 26155
505 25464
506 24745
507 24074
508 23395
509 22808
510 22093
511 21407
512 20702
513 19965
514 19154
515 18317
516 17463
517 16639
518 15772
519 14888
520 14040
521 13211
522 12446
523 11717
524 11045
525 10416
526 9883
527 9359
528 8854
529 8376
530 8022
531 7624
532 7223
533 6880
534 6582
535 6231
536 5929
537 5616
538 5310
539 5023
540 4754
541 4485
542 4259
543 4064
544 3861
545 3682
546 3536
547 3379
548 3231
549 3144
550 3023
551 2916
552 2839
553 2754
554 2660
555 2563
556 2488
557 2406
558 2331
559 2265
560 2189
561 2124
562 2088
563 2035
564 1982
565 1934
566 1901
567 1855
568 1836
569 1816
570 1788
571 1761
572 1733
573 1711
574 1689
575 1675
576 1658
577 1632
578 1615
579 1599
580 1576
581 1571
582 1556
583 1546
584 1541
585 1527
586 1518
587 1511
588 1500
589 1506
590 1490
591 1483
592 1474
593 1472
594 1462
595 1463
596 1459
597 1436
598 1443
599 1446
600 1444
601 1439
602 1427
603 1429
604 1429
605 1423
606 1424
607 1419
608 1422
609 1411
610 1406
611 1406
612 1421
613 1402
614 1403
615 1397
616 1391
617 1398
618 1384
619 1393
620 1394
621 1385
622 1397
623 1399
624 1382
625 1388
626 1374
627 1384
628 1385
629 1371
630 1386
631 1378
632 1384
633 1381
634 1384
635 1377
636 1373
637 1383
638 1374
639 1376
640 1376
641 1365
642 1364
643 1372
644 1369
645 1372
646 1370
647 1368
648 1371
649 1372
650 1365
651 1375
652 1379
653 1361
654 1365
655 1362
656 1365
657 1362
658 1374
659 1366
660 1366
661 1360
662 1365
663 1363
664 1363
665 1369
666 1359
667 1360
668 1361
669 1352
670 1362
671 1356
672 1363
673 1358
674 1353
675 1354
676 1360
677 1357
678 1366
679 1356
680 1362
681 1365
682 1355
683 1361
684 1358
685 1361
686 1355
687 1362
688 1364
689 1357
690 1359
691 1358
692 1366
693 1356
694 1363
695 1358
696 1365
697 1355
698 1355
699 1355
700 1357
701 1359
702 1354
703 1353
704 1358
705 1355
706 1356
707 1354
708 1351
709 1361
710 1363
711 1366
712 1353
713 1357
714 1364
715 1359
716 1356
717 1357
718 1362
719 1351
720 1355
721 1359
722 1354
723 1356
724 1353
725 1351
726 1355
727 1355
728 1348
729 1357
730 1349
731 1358
732 1352
733 1358
734 1348
735 1354
736 1348
737 1361
738 1349
739 1352
740 1345
741 1354
742 1353
743 1347
744 1358
745 1353
746 1352
747 1353
748 1343
749 1349
750 1341
751 1345
752 1343
753 1350
754 1344
755 1341
756 1347
757 1338
758 1352
759 1347
760 1348
761 1351
762 1342
763 1342
764 1352
