0.00000E+0 80.00000E-6 41.15043E-3
1.00000E+0 350.81333E-6 2.14363E-3
2.00000E+0 363.52000E-6 2.15389E-3
3.00000E+0 381.29333E-6 2.15322E-3
4.00000E+0 403.45333E-6 2.15810E-3
5.00000E+0 418.17333E-6 2.16563E-3
6.00000E+0 466.13333E-6 2.14616E-3
7.00000E+0 537.41333E-6 2.15973E-3
8.00000E+0 791.34667E-6 2.12639E-3
9.00000E+0 1.32125E-3 2.11820E-3
10.00000E+0 2.83005E-3 2.12095E-3
11.00000E+0 5.62993E-3 2.22132E-3
12.00000E+0 11.40940E-3 2.17622E-3
13.00000E+0 21.37500E-3 1.95286E-3
14.00000E+0 20.25293E-3 2.16514E-3
15.00000E+0 8.79593E-3 2.20018E-3
16.00000E+0 2.80480E-3 2.18632E-3
17.00000E+0 1.01819E-3 2.14951E-3
18.00000E+0 511.17333E-6 2.15112E-3
19.00000E+0 365.93333E-6 2.16243E-3
20.00000E+0 352.69333E-6 2.17148E-3
21.00000E+0 383.77333E-6 2.16026E-3
22.00000E+0 421.26667E-6 2.12626E-3
23.00000E+0 442.84000E-6 2.11128E-3
24.00000E+0 431.72000E-6 2.15831E-3
25.00000E+0 457.42667E-6 2.10164E-3
26.00000E+0 465.84000E-6 2.15654E-3
27.00000E+0 460.61333E-6 2.12376E-3
28.00000E+0 441.42667E-6 2.09574E-3
29.00000E+0 445.18667E-6 2.09093E-3
30.00000E+0 459.46667E-6 2.09808E-3
31.00000E+0 487.12000E-6 2.16673E-3
32.00000E+0 521.10667E-6 2.17269E-3
33.00000E+0 495.18667E-6 2.16548E-3
34.00000E+0 394.28000E-6 2.16669E-3
35.00000E+0 358.30667E-6 2.15478E-3
36.00000E+0 317.12000E-6 2.16157E-3
37.00000E+0 330.04000E-6 2.16860E-3
38.00000E+0 312.29333E-6 2.16014E-3
39.00000E+0 305.36000E-6 2.16313E-3
