0.00000E+0 15.12000E-3 45.35274E-3
1.00000E+0 211.80000E-6 2.02059E-3
2.00000E+0 216.36000E-6 2.30982E-3
3.00000E+0 226.26667E-6 2.39117E-3
4.00000E+0 210.48000E-6 2.22688E-3
5.00000E+0 220.08000E-6 2.48151E-3
6.00000E+0 216.02667E-6 1.99594E-3
7.00000E+0 233.84000E-6 1.95123E-3
8.00000E+0 251.28000E-6 1.97138E-3
9.00000E+0 43.90667E-6 1.96237E-3
10.00000E+0 224.04000E-6 1.95696E-3
11.00000E+0 236.29333E-6 1.96460E-3
12.00000E+0 242.61333E-6 1.95075E-3
13.00000E+0 249.72000E-6 1.95208E-3
14.00000E+0 256.37333E-6 1.95704E-3
15.00000E+0 249.82667E-6 1.95117E-3
16.00000E+0 232.13333E-6 1.94066E-3
17.00000E+0 227.60000E-6 1.93259E-3
18.00000E+0 231.70667E-6 1.92945E-3
19.00000E+0 240.40000E-6 1.93954E-3
20.00000E+0 231.49333E-6 1.93420E-3
21.00000E+0 233.52000E-6 1.93595E-3
22.00000E+0 234.12000E-6 1.92217E-3
23.00000E+0 252.48000E-6 1.92201E-3
24.00000E+0 238.00000E-6 1.93431E-3
25.00000E+0 259.04000E-6 1.92684E-3
26.00000E+0 249.46667E-6 1.94674E-3
27.00000E+0 271.56000E-6 1.90584E-3
28.00000E+0 280.45333E-6 1.91646E-3
29.00000E+0 266.48000E-6 1.91414E-3
30.00000E+0 277.97333E-6 1.90901E-3
31.00000E+0 293.90667E-6 1.97870E-3
32.00000E+0 327.22667E-6 1.94681E-3
33.00000E+0 335.14667E-6 1.92536E-3
34.00000E+0 380.77333E-6 1.93795E-3
35.00000E+0 443.58667E-6 1.92754E-3
36.00000E+0 581.34667E-6 1.92059E-3
37.00000E+0 748.97333E-6 1.93181E-3
38.00000E+0 1.01784E-3 1.90951E-3
39.00000E+0 1.56819E-3 1.89467E-3
40.00000E+0 2.41016E-3 1.90146E-3
41.00000E+0 3.64968E-3 1.89506E-3
42.00000E+0 5.17661E-3 1.92155E-3
43.00000E+0 6.38000E-3 1.87316E-3
44.00000E+0 6.35660E-3 1.88255E-3
45.00000E+0 5.56133E-3 1.88560E-3
46.00000E+0 4.51739E-3 1.91032E-3
47.00000E+0 3.87883E-3 1.89546E-3
48.00000E+0 3.49779E-3 1.90047E-3
49.00000E+0 3.03797E-3 1.89699E-3
50.00000E+0 2.52640E-3 1.90934E-3
51.00000E+0 2.03128E-3 1.89206E-3
52.00000E+0 1.74269E-3 1.87982E-3
53.00000E+0 1.61472E-3 1.98984E-3
54.00000E+0 1.51901E-3 1.90719E-3
55.00000E+0 1.46347E-3 1.90967E-3
56.00000E+0 1.46000E-3 1.91838E-3
57.00000E+0 1.50080E-3 1.88993E-3
58.00000E+0 1.61429E-3 1.90283E-3
59.00000E+0 1.73653E-3 1.89829E-3
60.00000E+0 1.93869E-3 1.81342E-3
61.00000E+0 2.16819E-3 1.91176E-3
62.00000E+0 2.36189E-3 1.96697E-3
63.00000E+0 2.59448E-3 1.90854E-3
64.00000E+0 2.78323E-3 1.90129E-3
65.00000E+0 3.02019E-3 1.88665E-3
66.00000E+0 3.20917E-3 1.90293E-3
67.00000E+0 3.40475E-3 1.88484E-3
68.00000E+0 3.55259E-3 1.89875E-3
69.00000E+0 3.67744E-3 1.85473E-3
70.00000E+0 3.82408E-3 1.88365E-3
71.00000E+0 3.97051E-3 1.90617E-3
72.00000E+0 4.07680E-3 1.96953E-3
73.00000E+0 4.24272E-3 1.90589E-3
74.00000E+0 4.33381E-3 1.89759E-3
75.00000E+0 4.41699E-3 1.90548E-3
76.00000E+0 4.50077E-3 1.90537E-3
77.00000E+0 4.61069E-3 1.90445E-3
78.00000E+0 4.65768E-3 1.89079E-3
79.00000E+0 4.70939E-3 1.89923E-3
80.00000E+0 4.68504E-3 1.79929E-3
81.00000E+0 4.61253E-3 1.96608E-3
82.00000E+0 4.54333E-3 1.90588E-3
83.00000E+0 4.48304E-3 1.90694E-3
84.00000E+0 4.47021E-3 1.91205E-3
85.00000E+0 4.38867E-3 1.92289E-3
86.00000E+0 4.33192E-3 1.90704E-3
87.00000E+0 4.21576E-3 1.86894E-3
88.00000E+0 4.12803E-3 1.90467E-3
89.00000E+0 4.04432E-3 1.89754E-3
90.00000E+0 3.93597E-3 1.87993E-3
91.00000E+0 3.82283E-3 1.91001E-3
92.00000E+0 3.70293E-3 1.88103E-3
93.00000E+0 3.58509E-3 1.86111E-3
94.00000E+0 3.48835E-3 1.87192E-3
95.00000E+0 3.35643E-3 1.88564E-3
96.00000E+0 3.25472E-3 1.86419E-3
97.00000E+0 3.11229E-3 1.86188E-3
98.00000E+0 2.96880E-3 1.87318E-3
99.00000E+0 2.82784E-3 1.87196E-3
100.00000E+0 2.69008E-3 1.87132E-3
101.00000E+0 2.60072E-3 1.91824E-3
102.00000E+0 2.58344E-3 1.90448E-3
103.00000E+0 2.42208E-3 1.87840E-3
104.00000E+0 2.24253E-3 1.88474E-3
105.00000E+0 2.12331E-3 1.87565E-3
106.00000E+0 2.01357E-3 1.89295E-3
107.00000E+0 1.89088E-3 1.88429E-3
108.00000E+0 1.77555E-3 1.90657E-3
109.00000E+0 1.64088E-3 1.88161E-3
110.00000E+0 1.57339E-3 1.89170E-3
111.00000E+0 1.49693E-3 1.89207E-3
112.00000E+0 1.34672E-3 1.89273E-3
113.00000E+0 1.27296E-3 1.83324E-3
114.00000E+0 1.20495E-3 1.90672E-3
115.00000E+0 1.12917E-3 1.89591E-3
116.00000E+0 1.08131E-3 1.91540E-3
117.00000E+0 1.00965E-3 1.88462E-3
118.00000E+0 947.93333E-6 1.89183E-3
119.00000E+0 909.22667E-6 1.89712E-3
120.00000E+0 860.98667E-6 1.87320E-3
121.00000E+0 811.50667E-6 1.87402E-3
122.00000E+0 766.42667E-6 1.90595E-3
123.00000E+0 709.01333E-6 1.91023E-3
124.00000E+0 673.48000E-6 1.91936E-3
125.00000E+0 620.53333E-6 1.91545E-3
126.00000E+0 596.88000E-6 1.91483E-3
127.00000E+0 579.88000E-6 1.91334E-3
128.00000E+0 563.17333E-6 1.95494E-3
129.00000E+0 606.80000E-6 1.92895E-3
130.00000E+0 594.57333E-6 1.92445E-3
131.00000E+0 613.89333E-6 1.91779E-3
132.00000E+0 595.89333E-6 1.91462E-3
133.00000E+0 579.92000E-6 1.89493E-3
134.00000E+0 579.45333E-6 1.91310E-3
135.00000E+0 556.29333E-6 1.93776E-3
136.00000E+0 540.02667E-6 1.90265E-3
137.00000E+0 511.30667E-6 1.90493E-3
138.00000E+0 484.12000E-6 1.92179E-3
139.00000E+0 471.08000E-6 1.90450E-3
140.00000E+0 458.82667E-6 1.93460E-3
141.00000E+0 426.61333E-6 1.91169E-3
142.00000E+0 421.00000E-6 1.87665E-3
143.00000E+0 387.12000E-6 1.88621E-3
144.00000E+0 394.97333E-6 1.89562E-3
145.00000E+0 379.73333E-6 1.87606E-3
146.00000E+0 375.84000E-6 1.88011E-3
147.00000E+0 365.89333E-6 1.88354E-3
148.00000E+0 351.26667E-6 1.86003E-3
149.00000E+0 349.97333E-6 1.89403E-3
150.00000E+0 348.09333E-6 1.86900E-3
151.00000E+0 337.41333E-6 1.96271E-3
152.00000E+0 332.85333E-6 1.91968E-3
153.00000E+0 318.57333E-6 1.85711E-3
154.00000E+0 310.38667E-6 1.88009E-3
155.00000E+0 294.70667E-6 1.88748E-3
156.00000E+0 304.18667E-6 1.88309E-3
157.00000E+0 304.74667E-6 1.87658E-3
158.00000E+0 277.53333E-6 1.87769E-3
159.00000E+0 296.78667E-6 1.89814E-3
